#tipo
4
181
#vertices
0
1
2
3
4
5
6
7
8
9
10
11
12
13
14
15
16
17
18
19
20
21
22
23
24
25
26
27
28
29
30
31
32
33
34
35
36
37
38
39
40
41
42
43
44
45
46
47
48
49
50
51
52
53
54
55
56
57
58
59
60
61
62
63
64
65
66
67
68
69
70
71
72
73
74
75
76
77
78
79
80
81
82
83
84
85
86
87
88
89
90
91
92
93
94
95
96
97
98
99
100
101
102
103
104
105
106
107
108
109
110
111
112
113
114
115
116
117
118
119
120
121
122
123
124
125
126
127
128
129
130
131
132
133
134
135
136
137
138
139
140
141
142
143
144
145
146
147
148
149
150
151
152
153
154
155
156
157
158
159
160
161
162
163
164
165
166
167
168
169
170
171
172
173
174
175
176
177
178
179
180
#arestas
180
# Conexões das estações de tratamento para os reservatórios
1 6
1 7
1 8
1 9
2 10
2 11
2 12
2 13
3 14
3 15
3 16
3 17
4 18
4 19
4 20
4 21
5 22
5 23
5 24
5 25

# Conexões dos reservatórios para os bairros (Cidade 1: 6-9)
6 26
6 27
6 28
6 29
6 30
6 31
6 32
7 33
7 34
7 35
7 36
7 37
7 38
7 39
8 40
8 41
8 42
8 43
8 44
8 45
8 46
9 47
9 48
9 49
9 50
9 51
9 52

# Conexões dos reservatórios para os bairros (Cidade 2: 10-13)
10 53
10 54
10 55
10 56
10 57
10 58
10 59
11 60
11 61
11 62
11 63
11 64
11 65
11 66
12 67
12 68
12 69
12 70
12 71
12 72
12 73
13 74
13 75
13 76
13 77
13 78
13 79

# Conexões dos reservatórios para os bairros (Cidade 3: 14-17)
14 80
14 81
14 82
14 83
14 84
14 85
14 86
15 87
15 88
15 89
15 90
15 91
15 92
15 93
16 94
16 95
16 96
16 97
16 98
16 99
16 100
17 101
17 102
17 103
17 104
17 105
17 106

# Conexões dos reservatórios para os bairros (Cidade 4: 18-21)
18 107
18 108
18 109
18 110
18 111
18 112
18 113
19 114
19 115
19 116
19 117
19 118
19 119
19 120
20 121
20 122
20 123
20 124
20 125
20 126
20 127
21 128
21 129
21 130
21 131
21 132
21 133

# Conexões dos reservatórios para os bairros (Cidade 5: 22-25)
22 134
22 135
22 136
22 137
22 138
22 139
22 140
23 141
23 142
23 143
23 144
23 145
23 146
23 147
24 148
24 149
24 150
24 151
24 152
24 153
24 154
25 155
25 156
25 157
25 158
25 159
25 160

# CONEXÕES DA NASCENTE
0 176    # Nascente → Rio 176
0 178    # Nascente → Rio 178

# REDE DO RIO 176 (ramo esquerdo)
176 177  # → Rio 177
177 175  # → Rio 175
175 166  # → Rio 166
166 167  # → Rio 167
167 4    # → Estação 4
176 179  # → Rio 179 (ramificação direta)
176 180  # → Rio 180 (ramificação direta)

# REDE DO RIO 178 (ramo direito)
178 170  # → Rio 170
170 171  # → Rio 171
171 162  # → Rio 162
162 163  # → Rio 163
163 173  # → Rio 173
173 1    # → Estação 1
170 172  # → Rio 172 (conexão paralela)
172 170  # → Feedback (se necessário)

# CONEXÕES ISOLADAS CRÍTICAS
161 169  # Rio 161 → Rio 169
169 3    # → Estação 3
164 174  # Rio 164 → Rio 174
174 168  # → Rio 168
168 5    # → Estação 5
165 2    # Rio 165 → Estação 2
179 164  # Rio 179 → Rio 164 (ligação cruzada)
180 179  # Rio 180 → Rio 179 (ciclo)
